Timestamp: 2024-06-13 18:41:50
Hyperparameters:
VAL_SPLIT: 0.3
TEST_SPLIT: 0.2
BUFFER_SIZE: 10000
BATCH_SIZE: 64
VOCAB_SIZE: 4000
EPOCHS: 15
LSTM_UNIT: 64
OPTIMIZER: RMSProp
Results:
loss: 2.076809883117676
accuracy: 0.757767915725708

==================================================

